0.000000000000000000e+00
5.006257822277847443e-03
1.001251564455569489e-02
1.501877346683354320e-02
2.002503128911138977e-02
2.503128911138923635e-02
3.003754693366708639e-02
3.504380475594492950e-02
4.005006257822277954e-02
4.505632040050062959e-02
5.006257822277847269e-02
5.506883604505632274e-02
6.007509386733417278e-02
6.508135168961201589e-02
7.008760951188985899e-02
7.509386733416771598e-02
8.010012515644555908e-02
8.510638297872340219e-02
9.011264080100125917e-02
9.511889862327910228e-02
1.001251564455569454e-01
1.051314142678348024e-01
1.101376720901126455e-01
1.151439299123904886e-01
1.201501877346683456e-01
1.251564455569461887e-01
1.301627033792240318e-01
1.351689612015018749e-01
1.401752190237797180e-01
1.451814768460575888e-01
1.501877346683354320e-01
1.551939924906132751e-01
1.602002503128911182e-01
1.652065081351689613e-01
1.702127659574468044e-01
1.752190237797246475e-01
1.802252816020025183e-01
1.852315394242803614e-01
1.902377972465582046e-01
1.952440550688360477e-01
2.002503128911138908e-01
2.052565707133917339e-01
2.102628285356696047e-01
2.152690863579474478e-01
2.202753441802252909e-01
2.252816020025031341e-01
2.302878598247809772e-01
2.352941176470588203e-01
2.403003754693366911e-01
2.453066332916145342e-01
2.503128911138923773e-01
2.553191489361701927e-01
2.603254067584480635e-01
2.653316645807259344e-01
2.703379224030037498e-01
2.753441802252816206e-01
2.803504380475594360e-01
2.853566958698373068e-01
2.903629536921151777e-01
2.953692115143929930e-01
3.003754693366708639e-01
3.053817271589486793e-01
3.103879849812265501e-01
3.153942428035043655e-01
3.204005006257822363e-01
3.254067584480601072e-01
3.304130162703379225e-01
3.354192740926157934e-01
3.404255319148936088e-01
3.454317897371714796e-01
3.504380475594492950e-01
3.554443053817271658e-01
3.604505632040050367e-01
3.654568210262828520e-01
3.704630788485607229e-01
3.754693366708385383e-01
3.804755944931164091e-01
3.854818523153942800e-01
3.904881101376720953e-01
3.954943679599499662e-01
4.005006257822277815e-01
4.055068836045056524e-01
4.105131414267834677e-01
4.155193992490613386e-01
4.205256570713392095e-01
4.255319148936170248e-01
4.305381727158948957e-01
4.355444305381727110e-01
4.405506883604505819e-01
4.455569461827283972e-01
4.505632040050062681e-01
4.555694618272841390e-01
4.605757196495619543e-01
4.655819774718398252e-01
4.705882352941176405e-01
4.755944931163955114e-01
4.806007509386733823e-01
4.856070087609511976e-01
4.906132665832290685e-01
4.956195244055068838e-01
5.006257822277847547e-01
5.056320400500625700e-01
5.106382978723403854e-01
5.156445556946183117e-01
5.206508135168961271e-01
5.256570713391739424e-01
5.306633291614518688e-01
5.356695869837296842e-01
5.406758448060074995e-01
5.456821026282854259e-01
5.506883604505632412e-01
5.556946182728410566e-01
5.607008760951188719e-01
5.657071339173967983e-01
5.707133917396746137e-01
5.757196495619524290e-01
5.807259073842303554e-01
5.857321652065081707e-01
5.907384230287859861e-01
5.957446808510638014e-01
6.007509386733417278e-01
6.057571964956195432e-01
6.107634543178973585e-01
6.157697121401752849e-01
6.207759699624531002e-01
6.257822277847309156e-01
6.307884856070087309e-01
6.357947434292866573e-01
6.408010012515644727e-01
6.458072590738422880e-01
6.508135168961202144e-01
6.558197747183980297e-01
6.608260325406758451e-01
6.658322903629536604e-01
6.708385481852315868e-01
6.758448060075094022e-01
6.808510638297872175e-01
6.858573216520651439e-01
6.908635794743429592e-01
6.958698372966207746e-01
7.008760951188985899e-01
7.058823529411765163e-01
7.108886107634543317e-01
7.158948685857321470e-01
7.209011264080100734e-01
7.259073842302878887e-01
7.309136420525657041e-01
7.359198998748435194e-01
7.409261576971214458e-01
7.459324155193992612e-01
7.509386733416770765e-01
7.559449311639550029e-01
7.609511889862328182e-01
7.659574468085106336e-01
7.709637046307885599e-01
7.759699624530663753e-01
7.809762202753441906e-01
7.859824780976220060e-01
7.909887359198999324e-01
7.959949937421777477e-01
8.010012515644555631e-01
8.060075093867334894e-01
8.110137672090113048e-01
8.160200250312891201e-01
8.210262828535669355e-01
8.260325406758448619e-01
8.310387984981226772e-01
8.360450563204004926e-01
8.410513141426784189e-01
8.460575719649562343e-01
8.510638297872340496e-01
8.560700876095118650e-01
8.610763454317897914e-01
8.660826032540676067e-01
8.710888610763454221e-01
8.760951188986233484e-01
8.811013767209011638e-01
8.861076345431789791e-01
8.911138923654567945e-01
8.961201501877347209e-01
9.011264080100125362e-01
9.061326658322903516e-01
9.111389236545682779e-01
9.161451814768460933e-01
9.211514392991239086e-01
9.261576971214017240e-01
9.311639549436796504e-01
9.361702127659574657e-01
9.411764705882352811e-01
9.461827284105132074e-01
9.511889862327910228e-01
9.561952440550688381e-01
9.612015018773467645e-01
9.662077596996245799e-01
9.712140175219023952e-01
9.762202753441802106e-01
9.812265331664581369e-01
9.862327909887359523e-01
9.912390488110137676e-01
9.962453066332916940e-01
1.001251564455569509e+00
1.006257822277847325e+00
1.011264080100125140e+00
1.016270337922402955e+00
1.021276595744680771e+00
1.026282853566958808e+00
1.031289111389236623e+00
1.036295369211514439e+00
1.041301627033792254e+00
1.046307884856070070e+00
1.051314142678347885e+00
1.056320400500625700e+00
1.061326658322903738e+00
1.066332916145181553e+00
1.071339173967459368e+00
1.076345431789737184e+00
1.081351689612014999e+00
1.086357947434292814e+00
1.091364205256570852e+00
1.096370463078848667e+00
1.101376720901126482e+00
1.106382978723404298e+00
1.111389236545682113e+00
1.116395494367959929e+00
1.121401752190237744e+00
1.126408010012515781e+00
1.131414267834793597e+00
1.136420525657071412e+00
1.141426783479349227e+00
1.146433041301627043e+00
1.151439299123904858e+00
1.156445556946182673e+00
1.161451814768460711e+00
1.166458072590738526e+00
1.171464330413016341e+00
1.176470588235294157e+00
1.181476846057571972e+00
1.186483103879849788e+00
1.191489361702127603e+00
1.196495619524405640e+00
1.201501877346683456e+00
1.206508135168961271e+00
1.211514392991239086e+00
1.216520650813516902e+00
1.221526908635794717e+00
1.226533166458072532e+00
1.231539424280350570e+00
1.236545682102628385e+00
1.241551939924906200e+00
1.246558197747184016e+00
1.251564455569461831e+00
1.256570713391739647e+00
1.261576971214017462e+00
1.266583229036295499e+00
1.271589486858573315e+00
1.276595744680851130e+00
1.281602002503128945e+00
1.286608260325406761e+00
1.291614518147684576e+00
1.296620775969962391e+00
1.301627033792240429e+00
1.306633291614518244e+00
1.311639549436796059e+00
1.316645807259073875e+00
1.321652065081351690e+00
1.326658322903629506e+00
1.331664580725907321e+00
1.336670838548185358e+00
1.341677096370463174e+00
1.346683354192740989e+00
1.351689612015018804e+00
1.356695869837296620e+00
1.361702127659574435e+00
1.366708385481852250e+00
1.371714643304130288e+00
1.376720901126408103e+00
1.381727158948685918e+00
1.386733416770963734e+00
1.391739674593241549e+00
1.396745932415519365e+00
1.401752190237797180e+00
1.406758448060075217e+00
1.411764705882353033e+00
1.416770963704630848e+00
1.421777221526908663e+00
1.426783479349186479e+00
1.431789737171464294e+00
1.436795994993742109e+00
1.441802252816020147e+00
1.446808510638297962e+00
1.451814768460575777e+00
1.456821026282853593e+00
1.461827284105131408e+00
1.466833541927409224e+00
1.471839799749687039e+00
1.476846057571965076e+00
1.481852315394242892e+00
1.486858573216520707e+00
1.491864831038798522e+00
1.496871088861076338e+00
1.501877346683354153e+00
1.506883604505632190e+00
1.511889862327910006e+00
1.516896120150187821e+00
1.521902377972465636e+00
1.526908635794743452e+00
1.531914893617021267e+00
1.536921151439299082e+00
1.541927409261577120e+00
1.546933667083854935e+00
1.551939924906132751e+00
1.556946182728410566e+00
1.561952440550688381e+00
1.566958698372966197e+00
1.571964956195244012e+00
1.576971214017522049e+00
1.581977471839799865e+00
1.586983729662077680e+00
1.591989987484355495e+00
1.596996245306633311e+00
1.602002503128911126e+00
1.607008760951188941e+00
1.612015018773466979e+00
1.617021276595744794e+00
1.622027534418022610e+00
1.627033792240300425e+00
1.632040050062578240e+00
1.637046307884856056e+00
1.642052565707133871e+00
1.647058823529411908e+00
1.652065081351689724e+00
1.657071339173967539e+00
1.662077596996245354e+00
1.667083854818523170e+00
1.672090112640800985e+00
1.677096370463078800e+00
1.682102628285356838e+00
1.687108886107634653e+00
1.692115143929912469e+00
1.697121401752190284e+00
1.702127659574468099e+00
1.707133917396745915e+00
1.712140175219023730e+00
1.717146433041301767e+00
1.722152690863579583e+00
1.727158948685857398e+00
1.732165206508135213e+00
1.737171464330413029e+00
1.742177722152690844e+00
1.747183979974968659e+00
1.752190237797246697e+00
1.757196495619524512e+00
1.762202753441802328e+00
1.767209011264080143e+00
1.772215269086357958e+00
1.777221526908635774e+00
1.782227784730913589e+00
1.787234042553191626e+00
1.792240300375469442e+00
1.797246558197747257e+00
1.802252816020025072e+00
1.807259073842302888e+00
1.812265331664580703e+00
1.817271589486858518e+00
1.822277847309136556e+00
1.827284105131414371e+00
1.832290362953692187e+00
1.837296620775970002e+00
1.842302878598247817e+00
1.847309136420525633e+00
1.852315394242803448e+00
1.857321652065081485e+00
1.862327909887359301e+00
1.867334167709637116e+00
1.872340425531914931e+00
1.877346683354192747e+00
1.882352941176470562e+00
1.887359198998748377e+00
1.892365456821026415e+00
1.897371714643304230e+00
1.902377972465582046e+00
1.907384230287859861e+00
1.912390488110137676e+00
1.917396745932415492e+00
1.922403003754693529e+00
1.927409261576971344e+00
1.932415519399249160e+00
1.937421777221526975e+00
1.942428035043804790e+00
1.947434292866082606e+00
1.952440550688360421e+00
1.957446808510638459e+00
1.962453066332916274e+00
1.967459324155194089e+00
1.972465581977471905e+00
1.977471839799749720e+00
1.982478097622027535e+00
1.987484355444305351e+00
1.992490613266583388e+00
1.997496871088861203e+00
2.002503128911139019e+00
2.007509386733416612e+00
2.012515644555694649e+00
2.017521902377972687e+00
2.022528160200250280e+00
2.027534418022528317e+00
2.032540675844805911e+00
2.037546933667083948e+00
2.042553191489361541e+00
2.047559449311639579e+00
2.052565707133917616e+00
2.057571964956195210e+00
2.062578222778473247e+00
2.067584480600750840e+00
2.072590738423028878e+00
2.077596996245306471e+00
2.082603254067584508e+00
2.087609511889862546e+00
2.092615769712140139e+00
2.097622027534418176e+00
2.102628285356695770e+00
2.107634543178973807e+00
2.112640801001251400e+00
2.117647058823529438e+00
2.122653316645807475e+00
2.127659574468085069e+00
2.132665832290363106e+00
2.137672090112640699e+00
2.142678347934918737e+00
2.147684605757196774e+00
2.152690863579474367e+00
2.157697121401752405e+00
2.162703379224029998e+00
2.167709637046308035e+00
2.172715894868585629e+00
2.177722152690863666e+00
2.182728410513141704e+00
2.187734668335419297e+00
2.192740926157697334e+00
2.197747183979974928e+00
2.202753441802252965e+00
2.207759699624530558e+00
2.212765957446808596e+00
2.217772215269086633e+00
2.222778473091364226e+00
2.227784730913642264e+00
2.232790988735919857e+00
2.237797246558197894e+00
2.242803504380475488e+00
2.247809762202753525e+00
2.252816020025031563e+00
2.257822277847309156e+00
2.262828535669587193e+00
2.267834793491864787e+00
2.272841051314142824e+00
2.277847309136420417e+00
2.282853566958698455e+00
2.287859824780976492e+00
2.292866082603254085e+00
2.297872340425532123e+00
2.302878598247809716e+00
2.307884856070087753e+00
2.312891113892365347e+00
2.317897371714643384e+00
2.322903629536921422e+00
2.327909887359199015e+00
2.332916145181477052e+00
2.337922403003754646e+00
2.342928660826032683e+00
2.347934918648310276e+00
2.352941176470588314e+00
2.357947434292866351e+00
2.362953692115143944e+00
2.367959949937421982e+00
2.372966207759699575e+00
2.377972465581977612e+00
2.382978723404255206e+00
2.387984981226533243e+00
2.392991239048811281e+00
2.397997496871088874e+00
2.403003754693366911e+00
2.408010012515644505e+00
2.413016270337922542e+00
2.418022528160200135e+00
2.423028785982478173e+00
2.428035043804756210e+00
2.433041301627033803e+00
2.438047559449311841e+00
2.443053817271589434e+00
2.448060075093867471e+00
2.453066332916145065e+00
2.458072590738423102e+00
2.463078848560701140e+00
2.468085106382978733e+00
2.473091364205256770e+00
2.478097622027534364e+00
2.483103879849812401e+00
2.488110137672089994e+00
2.493116395494368032e+00
2.498122653316646069e+00
2.503128911138923662e+00
2.508135168961201700e+00
2.513141426783479293e+00
2.518147684605757330e+00
2.523153942428034924e+00
2.528160200250312961e+00
2.533166458072590999e+00
2.538172715894868592e+00
2.543178973717146629e+00
2.548185231539424223e+00
2.553191489361702260e+00
2.558197747183979853e+00
2.563204005006257891e+00
2.568210262828535928e+00
2.573216520650813521e+00
2.578222778473091559e+00
2.583229036295369152e+00
2.588235294117647189e+00
2.593241551939924783e+00
2.598247809762202820e+00
2.603254067584480858e+00
2.608260325406758451e+00
2.613266583229036488e+00
2.618272841051314082e+00
2.623279098873592119e+00
2.628285356695869712e+00
2.633291614518147750e+00
2.638297872340425787e+00
2.643304130162703380e+00
2.648310387984981418e+00
2.653316645807259011e+00
2.658322903629537048e+00
2.663329161451814642e+00
2.668335419274092679e+00
2.673341677096370717e+00
2.678347934918648310e+00
2.683354192740926347e+00
2.688360450563203941e+00
2.693366708385481978e+00
2.698372966207759571e+00
2.703379224030037609e+00
2.708385481852315646e+00
2.713391739674593239e+00
2.718397997496871277e+00
2.723404255319148870e+00
2.728410513141426907e+00
2.733416770963704501e+00
2.738423028785982538e+00
2.743429286608260576e+00
2.748435544430538169e+00
2.753441802252816206e+00
2.758448060075093800e+00
2.763454317897371837e+00
2.768460575719649430e+00
2.773466833541927468e+00
2.778473091364205505e+00
2.783479349186483098e+00
2.788485607008761136e+00
2.793491864831038729e+00
2.798498122653316766e+00
2.803504380475594360e+00
2.808510638297872397e+00
2.813516896120150435e+00
2.818523153942428028e+00
2.823529411764706065e+00
2.828535669586983659e+00
2.833541927409261696e+00
2.838548185231539289e+00
2.843554443053817327e+00
2.848560700876095364e+00
2.853566958698372957e+00
2.858573216520650995e+00
2.863579474342928588e+00
2.868585732165206625e+00
2.873591989987484219e+00
2.878598247809762256e+00
2.883604505632040294e+00
2.888610763454317887e+00
2.893617021276595924e+00
2.898623279098873518e+00
2.903629536921151555e+00
2.908635794743429148e+00
2.913642052565707186e+00
2.918648310387985223e+00
2.923654568210262816e+00
2.928660826032540854e+00
2.933667083854818447e+00
2.938673341677096484e+00
2.943679599499374078e+00
2.948685857321652115e+00
2.953692115143930152e+00
2.958698372966207746e+00
2.963704630788485783e+00
2.968710888610763377e+00
2.973717146433041414e+00
2.978723404255319007e+00
2.983729662077597045e+00
2.988735919899875082e+00
2.993742177722152675e+00
2.998748435544430713e+00
3.003754693366708306e+00
3.008760951188986343e+00
3.013767209011264381e+00
3.018773466833541974e+00
3.023779724655820011e+00
3.028785982478097605e+00
3.033792240300375642e+00
3.038798498122653235e+00
3.043804755944931273e+00
3.048811013767209310e+00
3.053817271589486904e+00
3.058823529411764941e+00
3.063829787234042534e+00
3.068836045056320572e+00
3.073842302878598165e+00
3.078848560700876202e+00
3.083854818523154240e+00
3.088861076345431833e+00
3.093867334167709870e+00
3.098873591989987464e+00
3.103879849812265501e+00
3.108886107634543094e+00
3.113892365456821132e+00
3.118898623279099169e+00
3.123904881101376763e+00
3.128911138923654800e+00
3.133917396745932393e+00
3.138923654568210431e+00
3.143929912390488024e+00
3.148936170212766061e+00
3.153942428035044099e+00
3.158948685857321692e+00
3.163954943679599729e+00
3.168961201501877323e+00
3.173967459324155360e+00
3.178973717146432953e+00
3.183979974968710991e+00
3.188986232790989028e+00
3.193992490613266622e+00
3.198998748435544659e+00
3.204005006257822252e+00
3.209011264080100290e+00
3.214017521902377883e+00
3.219023779724655920e+00
3.224030037546933958e+00
3.229036295369211551e+00
3.234042553191489588e+00
3.239048811013767182e+00
3.244055068836045219e+00
3.249061326658322812e+00
3.254067584480600850e+00
3.259073842302878887e+00
3.264080100125156481e+00
3.269086357947434518e+00
3.274092615769712111e+00
3.279098873591990149e+00
3.284105131414267742e+00
3.289111389236545779e+00
3.294117647058823817e+00
3.299123904881101410e+00
3.304130162703379447e+00
3.309136420525657041e+00
3.314142678347935078e+00
3.319148936170212671e+00
3.324155193992490709e+00
3.329161451814768746e+00
3.334167709637046340e+00
3.339173967459324377e+00
3.344180225281601970e+00
3.349186483103880008e+00
3.354192740926157601e+00
3.359198998748435638e+00
3.364205256570713676e+00
3.369211514392991269e+00
3.374217772215269306e+00
3.379224030037546900e+00
3.384230287859824937e+00
3.389236545682102530e+00
3.394242803504380568e+00
3.399249061326658605e+00
3.404255319148936199e+00
3.409261576971214236e+00
3.414267834793491829e+00
3.419274092615769867e+00
3.424280350438047460e+00
3.429286608260325497e+00
3.434292866082603535e+00
3.439299123904881128e+00
3.444305381727159165e+00
3.449311639549436759e+00
3.454317897371714796e+00
3.459324155193992389e+00
3.464330413016270427e+00
3.469336670838548464e+00
3.474342928660826058e+00
3.479349186483104095e+00
3.484355444305381688e+00
3.489361702127659726e+00
3.494367959949937319e+00
3.499374217772215356e+00
3.504380475594493394e+00
3.509386733416770987e+00
3.514392991239049024e+00
3.519399249061326618e+00
3.524405506883604655e+00
3.529411764705882248e+00
3.534418022528160286e+00
3.539424280350438323e+00
3.544430538172715917e+00
3.549436795994993954e+00
3.554443053817271547e+00
3.559449311639549585e+00
3.564455569461827178e+00
3.569461827284105215e+00
3.574468085106383253e+00
3.579474342928660846e+00
3.584480600750938883e+00
3.589486858573216477e+00
3.594493116395494514e+00
3.599499374217772107e+00
3.604505632040050145e+00
3.609511889862328182e+00
3.614518147684605776e+00
3.619524405506883813e+00
3.624530663329161406e+00
3.629536921151439444e+00
3.634543178973717037e+00
3.639549436795995074e+00
3.644555694618273112e+00
3.649561952440550705e+00
3.654568210262828742e+00
3.659574468085106336e+00
3.664580725907384373e+00
3.669586983729661966e+00
3.674593241551940004e+00
3.679599499374218041e+00
3.684605757196495635e+00
3.689612015018773672e+00
3.694618272841051265e+00
3.699624530663329303e+00
3.704630788485606896e+00
3.709637046307884933e+00
3.714643304130162971e+00
3.719649561952440564e+00
3.724655819774718601e+00
3.729662077596996195e+00
3.734668335419274232e+00
3.739674593241551825e+00
3.744680851063829863e+00
3.749687108886107900e+00
3.754693366708385494e+00
3.759699624530663531e+00
3.764705882352941124e+00
3.769712140175219162e+00
3.774718397997496755e+00
3.779724655819774792e+00
3.784730913642052830e+00
3.789737171464330423e+00
3.794743429286608460e+00
3.799749687108886054e+00
3.804755944931164091e+00
3.809762202753441684e+00
3.814768460575719722e+00
3.819774718397997759e+00
3.824780976220275353e+00
3.829787234042553390e+00
3.834793491864830983e+00
3.839799749687109021e+00
3.844806007509387058e+00
3.849812265331664651e+00
3.854818523153942689e+00
3.859824780976220282e+00
3.864831038798498319e+00
3.869837296620775913e+00
3.874843554443053950e+00
3.879849812265331988e+00
3.884856070087609581e+00
3.889862327909887618e+00
3.894868585732165212e+00
3.899874843554443249e+00
3.904881101376720842e+00
3.909887359198998880e+00
3.914893617021276917e+00
3.919899874843554510e+00
3.924906132665832548e+00
3.929912390488110141e+00
3.934918648310388178e+00
3.939924906132665772e+00
3.944931163954943809e+00
3.949937421777221846e+00
3.954943679599499440e+00
3.959949937421777477e+00
3.964956195244055071e+00
3.969962453066333108e+00
3.974968710888610701e+00
3.979974968710888739e+00
3.984981226533166776e+00
3.989987484355444369e+00
3.994993742177722407e+00
4.000000000000000000e+00
