-5.000000000000000000e-01
-4.899999999999999911e-01
-4.799999999999999822e-01
-4.699999999999999734e-01
-4.599999999999999645e-01
-4.499999999999999556e-01
-4.399999999999999467e-01
-4.299999999999999378e-01
-4.199999999999999289e-01
-4.099999999999999201e-01
-3.999999999999999112e-01
-3.899999999999999023e-01
-3.799999999999998934e-01
-3.699999999999998845e-01
-3.599999999999998757e-01
-3.499999999999998668e-01
-3.399999999999998579e-01
-3.299999999999998490e-01
-3.199999999999998401e-01
-3.099999999999998312e-01
-2.999999999999998224e-01
-2.899999999999998135e-01
-2.799999999999998046e-01
-2.699999999999997957e-01
-2.599999999999997868e-01
-2.499999999999997780e-01
-2.399999999999997691e-01
-2.299999999999997602e-01
-2.199999999999997513e-01
-2.099999999999997424e-01
-1.999999999999997335e-01
-1.899999999999997247e-01
-1.799999999999997158e-01
-1.699999999999997069e-01
-1.599999999999996980e-01
-1.499999999999996891e-01
-1.399999999999996803e-01
-1.299999999999996714e-01
-1.199999999999996625e-01
-1.099999999999996536e-01
-9.999999999999964473e-02
-8.999999999999963585e-02
-7.999999999999962697e-02
-6.999999999999961808e-02
-5.999999999999960920e-02
-4.999999999999960032e-02
-3.999999999999959144e-02
-2.999999999999958256e-02
-1.999999999999957367e-02
-9.999999999999564793e-03
4.440892098500626162e-16
1.000000000000045297e-02
2.000000000000046185e-02
3.000000000000047073e-02
4.000000000000047962e-02
5.000000000000048850e-02
6.000000000000049738e-02
7.000000000000050626e-02
8.000000000000051514e-02
9.000000000000052403e-02
1.000000000000005329e-01
1.100000000000005418e-01
1.200000000000005507e-01
1.300000000000005596e-01
1.400000000000005684e-01
1.500000000000005773e-01
1.600000000000005862e-01
1.700000000000005951e-01
1.800000000000006040e-01
1.900000000000006128e-01
2.000000000000006217e-01
2.100000000000006306e-01
2.200000000000006395e-01
2.300000000000006484e-01
2.400000000000006573e-01
2.500000000000006661e-01
2.600000000000006750e-01
2.700000000000006839e-01
2.800000000000006928e-01
2.900000000000007017e-01
3.000000000000007105e-01
3.100000000000007194e-01
3.200000000000007283e-01
3.300000000000007372e-01
3.400000000000007461e-01
3.500000000000009770e-01
3.600000000000007638e-01
3.700000000000005507e-01
3.800000000000007816e-01
3.900000000000010125e-01
4.000000000000007994e-01
4.100000000000005862e-01
4.200000000000008171e-01
4.300000000000010481e-01
4.400000000000008349e-01
4.500000000000006217e-01
4.600000000000008527e-01
4.700000000000010836e-01
4.800000000000008704e-01
4.900000000000006573e-01
5.000000000000008882e-01
5.100000000000011191e-01
5.200000000000009059e-01
5.300000000000006928e-01
5.400000000000009237e-01
5.500000000000011546e-01
5.600000000000009415e-01
5.700000000000007283e-01
5.800000000000009592e-01
5.900000000000011902e-01
6.000000000000009770e-01
6.100000000000007638e-01
6.200000000000009948e-01
6.300000000000012257e-01
6.400000000000010125e-01
6.500000000000007994e-01
6.600000000000010303e-01
6.700000000000012612e-01
6.800000000000010481e-01
6.900000000000008349e-01
7.000000000000010658e-01
7.100000000000012967e-01
7.200000000000010836e-01
7.300000000000008704e-01
7.400000000000011013e-01
7.500000000000013323e-01
7.600000000000011191e-01
7.700000000000009059e-01
7.800000000000011369e-01
7.900000000000013678e-01
8.000000000000011546e-01
8.100000000000009415e-01
8.200000000000011724e-01
8.300000000000014033e-01
8.400000000000011902e-01
8.500000000000009770e-01
8.600000000000012079e-01
8.700000000000014388e-01
8.800000000000012257e-01
8.900000000000010125e-01
9.000000000000012434e-01
9.100000000000014744e-01
9.200000000000012612e-01
9.300000000000010481e-01
9.400000000000012790e-01
9.500000000000015099e-01
